Lengths 1-4: combs = 26 ^ 4
password: "drwz";

Threads:			Time Match:				Time Join:
1					1.09712					1.10334

2					0.62486					0.634346

3					0.390309				0.599715

4					0.560973				0.594298

5					0.546015				0.624894

6					0.614449				0.621738

7					0.554783				0.591794

8					0.555924				0.593817

10

12					0.577456				0.59318

14					0.57175					0.591587

15

16					0.541693				0.59411				

18					0.561458				0.595188

20					0.58774					0.60076

22					0.502115				0.591053

24

26					0.419383				0.595058

28					0.504071				0.591408				

30

32					0.071429				0.590035